0.0995004165278, 0.00998334166468, 0.178966500021, 0.923756778622, -0.382979227574, 0.000510004117737, 0.000255132138599, 1703002774455620050, 0.1
0.0980066577841, 0.0198669330795, 0.178966500021, 0.923756778622, -0.382979227574, 0.000510004117737, 0.000255132138599, 1703002774556142091, 0.2
0.0955336489126, 0.0295520206661, 0.178966500021, 0.923756778622, -0.382979227574, 0.000510004117737, 0.000255132138599, 1703002774657108068, 0.3
0.0921060994003, 0.0389418342309, 0.178966500021, 0.923756778622, -0.382979227574, 0.000510004117737, 0.000255132138599, 1703002774758250951, 0.4
0.087758256189, 0.0479425538604, 0.178966500021, 0.923756778622, -0.382979227574, 0.000510004117737, 0.000255132138599, 1703002774858824014, 0.5
0.082533561491, 0.0564642473395, 0.178966500021, 0.923756778622, -0.382979227574, 0.000510004117737, 0.000255132138599, 1703002774958846092, 0.6
0.0764842187284, 0.0644217687238, 0.178966500021, 0.923756778622, -0.382979227574, 0.000510004117737, 0.000255132138599, 1703002775059420108, 0.7
0.0696706709347, 0.07173560909, 0.178966500021, 0.923756778622, -0.382979227574, 0.000510004117737, 0.000255132138599, 1703002775159827947, 0.8
0.0621609968271, 0.0783326909627, 0.178966500021, 0.923756778622, -0.382979227574, 0.000510004117737, 0.000255132138599, 1703002775260188102, 0.9
0.0540302305868, 0.0841470984808, 0.178966500021, 0.923756778622, -0.382979227574, 0.000510004117737, 0.000255132138599, 1703002775360665082, 1.0
0.0453596121426, 0.0891207360061, 0.178966500021, 0.923756778622, -0.382979227574, 0.000510004117737, 0.000255132138599, 1703002775460766077, 1.1
0.0362357754477, 0.0932039085967, 0.178966500021, 0.923756778622, -0.382979227574, 0.000510004117737, 0.000255132138599, 1703002775561296939, 1.2
0.0267498828625, 0.0963558185417, 0.178966500021, 0.923756778622, -0.382979227574, 0.000510004117737, 0.000255132138599, 1703002775661815881, 1.3
0.01699671429, 0.0985449729988, 0.178966500021, 0.923756778622, -0.382979227574, 0.000510004117737, 0.000255132138599, 1703002775762315988, 1.4
0.00707372016677, 0.0997494986604, 0.178966500021, 0.923756778622, -0.382979227574, 0.000510004117737, 0.000255132138599, 1703002775862596988, 1.5
-0.00291995223013, 0.0999573603042, 0.178966500021, 0.923756778622, -0.382979227574, 0.000510004117737, 0.000255132138599, 1703002775962860107, 1.6
-0.0128844494296, 0.0991664810452, 0.178966500021, 0.923756778622, -0.382979227574, 0.000510004117737, 0.000255132138599, 1703002776063446998, 1.7
-0.0227202094693, 0.0973847630878, 0.178966500021, 0.923756778622, -0.382979227574, 0.000510004117737, 0.000255132138599, 1703002776163857936, 1.8
-0.0323289566864, 0.0946300087687, 0.178966500021, 0.923756778622, -0.382979227574, 0.000510004117737, 0.000255132138599, 1703002776264157056, 1.9
-0.0416146836547, 0.0909297426826, 0.178966500021, 0.923756778622, -0.382979227574, 0.000510004117737, 0.000255132138599, 1703002776364440917, 2.0
-0.05048461046, 0.0863209366649, 0.178966500021, 0.923756778622, -0.382979227574, 0.000510004117737, 0.000255132138599, 1703002776464729070, 2.1
-0.0588501117255, 0.080849640382, 0.178966500021, 0.923756778622, -0.382979227574, 0.000510004117737, 0.000255132138599, 1703002776565265893, 2.2
-0.066627602128, 0.0745705212177, 0.178966500021, 0.923756778622, -0.382979227574, 0.000510004117737, 0.000255132138599, 1703002776665569067, 2.3
-0.0737393715541, 0.0675463180551, 0.178966500021, 0.923756778622, -0.382979227574, 0.000510004117737, 0.000255132138599, 1703002776766108989, 2.4
-0.0801143615547, 0.0598472144104, 0.178966500021, 0.923756778622, -0.382979227574, 0.000510004117737, 0.000255132138599, 1703002776866668939, 2.5
-0.0856888753369, 0.0515501371821, 0.178966500021, 0.923756778622, -0.382979227574, 0.000510004117737, 0.000255132138599, 1703002776967590093, 2.6
-0.0904072142017, 0.0427379880234, 0.178966500021, 0.923756778622, -0.382979227574, 0.000510004117737, 0.000255132138599, 1703002777068137884, 2.7
-0.0942222340669, 0.0334988150156, 0.178966500021, 0.923756778622, -0.382979227574, 0.000510004117737, 0.000255132138599, 1703002777168505907, 2.8
-0.097095816515, 0.0239249329214, 0.178966500021, 0.923756778622, -0.382979227574, 0.000510004117737, 0.000255132138599, 1703002777268866062, 2.9
-0.09899924966, 0.014112000806, 0.178966500021, 0.923756778622, -0.382979227574, 0.000510004117737, 0.000255132138599, 1703002777369223117, 3.0
-0.0999135150273, 0.00415806624333, 0.178966500021, 0.923756778622, -0.382979227574, 0.000510004117737, 0.000255132138599, 1703002777469739913, 3.1
-0.0998294775795, -0.00583741434276, 0.178966500021, 0.923756778622, -0.382979227574, 0.000510004117737, 0.000255132138599, 1703002777570264101, 3.2
-0.0987479769909, -0.0157745694143, 0.178966500021, 0.923756778622, -0.382979227574, 0.000510004117737, 0.000255132138599, 1703002777670659065, 3.3
-0.0966798192579, -0.0255541102027, 0.178966500021, 0.923756778622, -0.382979227574, 0.000510004117737, 0.000255132138599, 1703002777771007061, 3.4
-0.0936456687291, -0.035078322769, 0.178966500021, 0.923756778622, -0.382979227574, 0.000510004117737, 0.000255132138599, 1703002777871355056, 3.5
-0.0896758416334, -0.0442520443295, 0.178966500021, 0.923756778622, -0.382979227574, 0.000510004117737, 0.000255132138599, 1703002777971905946, 3.6
-0.084810003171, -0.0529836140908, 0.178966500021, 0.923756778622, -0.382979227574, 0.000510004117737, 0.000255132138599, 1703002778072453022, 3.7
-0.0790967711914, -0.0611857890943, 0.178966500021, 0.923756778622, -0.382979227574, 0.000510004117737, 0.000255132138599, 1703002778172585964, 3.8
-0.07259323042, -0.0687766159184, 0.178966500021, 0.923756778622, -0.382979227574, 0.000510004117737, 0.000255132138599, 1703002778273102045, 3.9
-0.0653643620864, -0.0756802495308, 0.178966500021, 0.923756778622, -0.382979227574, 0.000510004117737, 0.000255132138599, 1703002778373430967, 4.0
-0.0574823946533, -0.0818277111064, 0.178966500021, 0.923756778622, -0.382979227574, 0.000510004117737, 0.000255132138599, 1703002778473891019, 4.1
-0.0490260821341, -0.0871575772414, 0.178966500021, 0.923756778622, -0.382979227574, 0.000510004117737, 0.000255132138599, 1703002778574392080, 4.2
-0.040079917208, -0.0916165936749, 0.178966500021, 0.923756778622, -0.382979227574, 0.000510004117737, 0.000255132138599, 1703002778674932003, 4.3
-0.0307332869978, -0.095160207389, 0.178966500021, 0.923756778622, -0.382979227574, 0.000510004117737, 0.000255132138599, 1703002778775357007, 4.4
-0.0210795799431, -0.0977530117665, 0.178966500021, 0.923756778622, -0.382979227574, 0.000510004117737, 0.000255132138599, 1703002778875832080, 4.5
-0.0112152526935, -0.0993691003633, 0.178966500021, 0.923756778622, -0.382979227574, 0.000510004117737, 0.000255132138599, 1703002778976185083, 4.6
-0.00123886634629, -0.0999923257564, 0.178966500021, 0.923756778622, -0.382979227574, 0.000510004117737, 0.000255132138599, 1703002779076730966, 4.7
0.00874989834394, -0.0996164608836, 0.178966500021, 0.923756778622, -0.382979227574, 0.000510004117737, 0.000255132138599, 1703002779177041053, 4.8
0.0186512369423, -0.0982452612624, 0.178966500021, 0.923756778622, -0.382979227574, 0.000510004117737, 0.000255132138599, 1703002779277343988, 4.9
0.0283662185463, -0.0958924274663, 0.178966500021, 0.923756778622, -0.382979227574, 0.000510004117737, 0.000255132138599, 1703002779378293037, 5.0
0.0377977742713, -0.0925814682328, 0.178966500021, 0.923756778622, -0.382979227574, 0.000510004117737, 0.000255132138599, 1703002779478866100, 5.1
0.04685166713, -0.088345465572, 0.178966500021, 0.923756778622, -0.382979227574, 0.000510004117737, 0.000255132138599, 1703002779579389095, 5.2
0.0554374336179, -0.0832267442224, 0.178966500021, 0.923756778622, -0.382979227574, 0.000510004117737, 0.000255132138599, 1703002779679763078, 5.3
0.0634692875943, -0.0772764487556, 0.178966500021, 0.923756778622, -0.382979227574, 0.000510004117737, 0.000255132138599, 1703002779780352115, 5.4
0.0708669774291, -0.070554032557, 0.178966500021, 0.923756778622, -0.382979227574, 0.000510004117737, 0.000255132138599, 1703002779880557060, 5.5
0.077556587851, -0.0631266637872, 0.178966500021, 0.923756778622, -0.382979227574, 0.000510004117737, 0.000255132138599, 1703002779980956077, 5.6
0.0834712784839, -0.0550685542598, 0.178966500021, 0.923756778622, -0.382979227574, 0.000510004117737, 0.000255132138599, 1703002780081296920, 5.7
0.0885519516941, -0.0464602179414, 0.178966500021, 0.923756778622, -0.382979227574, 0.000510004117737, 0.000255132138599, 1703002780181557893, 5.8
0.0927478430744, -0.037387666483, 0.178966500021, 0.923756778622, -0.382979227574, 0.000510004117737, 0.000255132138599, 1703002780282167911, 5.9
0.096017028665, -0.0279415498199, 0.178966500021, 0.923756778622, -0.382979227574, 0.000510004117737, 0.000255132138599, 1703002780382661104, 6.0
0.0983268438443, -0.0182162504272, 0.178966500021, 0.923756778622, -0.382979227574, 0.000510004117737, 0.000255132138599, 1703002780483174085, 6.1
0.0996542097023, -0.00830894028175, 0.178966500021, 0.923756778622, -0.382979227574, 0.000510004117737, 0.000255132138599, 1703002780583359003, 6.2
0.0999858636383, 0.00168139004843, 0.178966500021, 0.923756778622, -0.382979227574, 0.000510004117737, 0.000255132138599, 1703002780683995008, 0.0168146928204
0.0993184918758, 0.011654920485, 0.178966500021, 0.923756778622, -0.382979227574, 0.000510004117737, 0.000255132138599, 1703002780784503936, 0.11681469282
0.0976587625728, 0.0215119988088, 0.178966500021, 0.923756778622, -0.382979227574, 0.000510004117737, 0.000255132138599, 1703002780885096073, 0.21681469282
0.0950232591959, 0.0311541363513, 0.178966500021, 0.923756778622, -0.382979227574, 0.000510004117737, 0.000255132138599, 1703002780985573053, 0.31681469282
0.0914383148235, 0.0404849920617, 0.178966500021, 0.923756778622, -0.382979227574, 0.000510004117737, 0.000255132138599, 1703002781086090087, 0.41681469282
0.086939749035, 0.0494113351139, 0.178966500021, 0.923756778622, -0.382979227574, 0.000510004117737, 0.000255132138599, 1703002781186290979, 0.51681469282
0.0815725100125, 0.0578439764388, 0.178966500021, 0.923756778622, -0.382979227574, 0.000510004117737, 0.000255132138599, 1703002781286802053, 0.61681469282
0.0753902254343, 0.0656986598719, 0.178966500021, 0.923756778622, -0.382979227574, 0.000510004117737, 0.000255132138599, 1703002781387372016, 0.71681469282
0.0684546666443, 0.0728969040126, 0.178966500021, 0.923756778622, -0.382979227574, 0.000510004117737, 0.000255132138599, 1703002781487884044, 0.81681469282
0.0608351314532, 0.0793667863849, 0.178966500021, 0.923756778622, -0.382979227574, 0.000510004117737, 0.000255132138599, 1703002781588476896, 0.91681469282
0.0526077517381, 0.0850436620629, 0.178966500021, 0.923756778622, -0.382979227574, 0.000510004117737, 0.000255132138599, 1703002781688898086, 1.01681469282
0.0438547327574, 0.0898708095812, 0.178966500021, 0.923756778622, -0.382979227574, 0.000510004117737, 0.000255132138599, 1703002781789479017, 1.11681469282
0.0346635317835, 0.0937999976775, 0.178966500021, 0.923756778622, -0.382979227574, 0.000510004117737, 0.000255132138599, 1703002781890038013, 1.21681469282
0.0251259842582, 0.0967919672031, 0.178966500021, 0.923756778622, -0.382979227574, 0.000510004117737, 0.000255132138599, 1703002781990516901, 1.31681469282
0.0153373862038, 0.0988168233877, 0.178966500021, 0.923756778622, -0.382979227574, 0.000510004117737, 0.000255132138599, 1703002782090866088, 1.41681469282
0.00539554205627, 0.0998543345375, 0.178966500021, 0.923756778622, -0.382979227574, 0.000510004117737, 0.000255132138599, 1703002782191379070, 1.51681469282
-0.00460021256395, 0.099894134184, 0.178966500021, 0.923756778622, -0.382979227574, 0.000510004117737, 0.000255132138599, 1703002782291800975, 1.61681469282
-0.0145500033809, 0.0989358246623, 0.178966500021, 0.923756778622, -0.382979227574, 0.000510004117737, 0.000255132138599, 1703002782392330884, 1.71681469282
-0.0243544153736, 0.0969889810845, 0.178966500021, 0.923756778622, -0.382979227574, 0.000510004117737, 0.000255132138599, 1703002782493408918, 1.81681469282
-0.0339154860984, 0.094073055668, 0.178966500021, 0.923756778622, -0.382979227574, 0.000510004117737, 0.000255132138599, 1703002782594223022, 1.91681469282
-0.0431376844971, 0.0902171833756, 0.178966500021, 0.923756778622, -0.382979227574, 0.000510004117737, 0.000255132138599, 1703002782694534063, 2.01681469282
-0.0519288654117, 0.0854598908088, 0.178966500021, 0.923756778622, -0.382979227574, 0.000510004117737, 0.000255132138599, 1703002782795099973, 2.11681469282
-0.0602011902685, 0.0798487112623, 0.178966500021, 0.923756778622, -0.382979227574, 0.000510004117737, 0.000255132138599, 1703002782895337104, 2.21681469282
-0.067872004732, 0.0734397097874, 0.178966500021, 0.923756778622, -0.382979227574, 0.000510004117737, 0.000255132138599, 1703002782997523069, 2.31681469282
-0.0748646645597, 0.0662969230082, 0.178966500021, 0.923756778622, -0.382979227574, 0.000510004117737, 0.000255132138599, 1703002783098073959, 2.41681469282
-0.0811093014062, 0.0584917192892, 0.178966500021, 0.923756778622, -0.382979227574, 0.000510004117737, 0.000255132138599, 1703002783198631048, 2.51681469282
-0.0865435209241, 0.0501020856458, 0.178966500021, 0.923756778622, -0.382979227574, 0.000510004117737, 0.000255132138599, 1703002783298969030, 2.61681469282
-0.0911130261885, 0.0412118485242, 0.178966500021, 0.923756778622, -0.382979227574, 0.000510004117737, 0.000255132138599, 1703002783399514913, 2.71681469282
-0.0947721602131, 0.0319098362349, 0.178966500021, 0.923756778622, -0.382979227574, 0.000510004117737, 0.000255132138599, 1703002783500041961, 2.81681469282
-0.0974843621404, 0.02228899141, 0.178966500021, 0.923756778622, -0.382979227574, 0.000510004117737, 0.000255132138599, 1703002783600415945, 2.91681469282
-0.0992225325453, 0.0124454423507, 0.178966500021, 0.923756778622, -0.382979227574, 0.000510004117737, 0.000255132138599, 1703002783700722932, 3.01681469282
-0.0999693042035, 0.00247754254534, 0.178966500021, 0.923756778622, -0.382979227574, 0.000510004117737, 0.000255132138599, 1703002783801269054, 3.11681469282
-0.0997172156196, -0.00751511204618, 0.178966500021, 0.923756778622, -0.382979227574, 0.000510004117737, 0.000255132138599, 1703002783901901006, 3.21681469282
-0.0984687855794, -0.0174326781223, 0.178966500021, 0.923756778622, -0.382979227574, 0.000510004117737, 0.000255132138599, 1703002784002370119, 3.31681469282
-0.0962364879831, -0.0271760626411, 0.178966500021, 0.923756778622, -0.382979227574, 0.000510004117737, 0.000255132138599, 1703002784102911949, 3.41681469282
-0.0930426272105, -0.0366479129252, 0.178966500021, 0.923756778622, -0.382979227574, 0.000510004117737, 0.000255132138599, 1703002784203450918, 3.51681469282
-0.0889191152625, -0.0457535893775, 0.178966500021, 0.923756778622, -0.382979227574, 0.000510004117737, 0.000255132138599, 1703002784303678035, 3.61681469282
-0.0839071529076, -0.0544021110889, 0.178966500021, 0.923756778622, -0.382979227574, 0.000510004117737, 0.000255132138599, 1703002784403852939, 3.71681469282
-0.0780568180169, -0.0625070648893, 0.178966500021, 0.923756778622, -0.382979227574, 0.000510004117737, 0.000255132138599, 1703002784503954887, 3.81681469282
-0.0714265652027, -0.0699874687594, 0.178966500021, 0.923756778622, -0.382979227574, 0.000510004117737, 0.000255132138599, 1703002784604495048, 3.91681469282
-0.0640826417595, -0.0767685809764, 0.178966500021, 0.923756778622, -0.382979227574, 0.000510004117737, 0.000255132138599, 1703002784705037117, 4.01681469282
-0.0560984257427, -0.0827826469086, 0.178966500021, 0.923756778622, -0.382979227574, 0.000510004117737, 0.000255132138599, 1703002784805541038, 4.11681469282
-0.0475536927996, -0.0879695759972, 0.178966500021, 0.923756778622, -0.382979227574, 0.000510004117737, 0.000255132138599, 1703002784905921936, 4.21681469282
-0.0385338190772, -0.0922775421613, 0.178966500021, 0.923756778622, -0.382979227574, 0.000510004117737, 0.000255132138599, 1703002785006283044, 4.31681469282
-0.0291289281721, -0.095663501627, 0.178966500021, 0.923756778622, -0.382979227574, 0.000510004117737, 0.000255132138599, 1703002785106683969, 4.41681469282
-0.0194329906455, -0.0980936230066, 0.178966500021, 0.923756778622, -0.382979227574, 0.000510004117737, 0.000255132138599, 1703002785207202911, 4.51681469282
-0.0095428851001, -0.0995436253306, 0.178966500021, 0.923756778622, -0.382979227574, 0.000510004117737, 0.000255132138599, 1703002785308295965, 4.61681469282
0.000442569798804, -0.0999990206551, 0.178966500021, 0.923756778622, -0.382979227574, 0.000510004117737, 0.000255132138599, 1703002785408826112, 4.71681469282
0.0104236026866, -0.0994552588204, 0.178966500021, 0.923756778622, -0.382979227574, 0.000510004117737, 0.000255132138599, 1703002785509041070, 4.81681469282
0.0203004863819, -0.0979177729151, 0.178966500021, 0.923756778622, -0.382979227574, 0.000510004117737, 0.000255132138599, 1703002785609266042, 4.91681469282
0.0299745343277, -0.0954019249902, 0.178966500021, 0.923756778622, -0.382979227574, 0.000510004117737, 0.000255132138599, 1703002785709743022, 5.01681469282
0.0393490866348, -0.0919328525665, 0.178966500021, 0.923756778622, -0.382979227574, 0.000510004117737, 0.000255132138599, 1703002785810276031, 5.11681469282
0.0483304758753, -0.0875452174688, 0.178966500021, 0.923756778622, -0.382979227574, 0.000510004117737, 0.000255132138599, 1703002785910589933, 5.21681469282
0.0568289629768, -0.0822828594969, 0.178966500021, 0.923756778622, -0.382979227574, 0.000510004117737, 0.000255132138599, 1703002786011109113, 5.31681469282
0.0647596338654, -0.0761983583919, 0.178966500021, 0.923756778622, -0.382979227574, 0.000510004117737, 0.000255132138599, 1703002786111577033, 5.41681469282
0.0720432478991, -0.0693525084777, 0.178966500021, 0.923756778622, -0.382979227574, 0.000510004117737, 0.000255132138599, 1703002786212135076, 5.51681469282
0.0786070296141, -0.0618137112237, 0.178966500021, 0.923756778622, -0.382979227574, 0.000510004117737, 0.000255132138599, 1703002786312272071, 5.61681469282
0.0843853958732, -0.0536572918, 0.178966500021, 0.923756778622, -0.382979227574, 0.000510004117737, 0.000255132138599, 1703002786412839889, 5.71681469282
0.0893206111509, -0.0449647464535, 0.178966500021, 0.923756778622, -0.382979227574, 0.000510004117737, 0.000255132138599, 1703002786513437032, 5.81681469282
0.0933633644075, -0.0358229282237, 0.178966500021, 0.923756778622, -0.382979227574, 0.000510004117737, 0.000255132138599, 1703002786613985061, 5.91681469282
0.0964732617887, -0.0263231791366, 0.178966500021, 0.923756778622, -0.382979227574, 0.000510004117737, 0.000255132138599, 1703002786714569091, 6.01681469282
0.0986192302279, -0.0165604175448, 0.178966500021, 0.923756778622, -0.382979227574, 0.000510004117737, 0.000255132138599, 1703002786815083980, 6.11681469282
0.0997798279179, -0.00663218973512, 0.178966500021, 0.923756778622, -0.382979227574, 0.000510004117737, 0.000255132138599, 1703002786915668010, 6.21681469282
0.0999434585501, 0.00336230472211, 0.178966500021, 0.923756778622, -0.382979227574, 0.000510004117737, 0.000255132138599, 1703002787016238927, 0.0336293856408
0.0991084871814, 0.013323204142, 0.178966500021, 0.923756778622, -0.382979227574, 0.000510004117737, 0.000255132138599, 1703002787116602897, 0.133629385641
0.0972832565697, 0.0231509825102, 0.178966500021, 0.923756778622, -0.382979227574, 0.000510004117737, 0.000255132138599, 1703002787216880083, 0.233629385641
0.094486003816, 0.0327474439138, 0.178966500021, 0.923756778622, -0.382979227574, 0.000510004117737, 0.000255132138599, 1703002787317389011, 0.333629385641
0.090744678145, 0.0420167036827, 0.178966500021, 0.923756778622, -0.382979227574, 0.000510004117737, 0.000255132138599, 1703002787418307065, 0.433629385641
0.0860966616462, 0.0508661464372, 0.178966500021, 0.923756778622, -0.382979227574, 0.000510004117737, 0.000255132138599, 1703002787518703937, 0.533629385641
0.080588395764, 0.0592073514707, 0.178966500021, 0.923756778622, -0.382979227574, 0.000510004117737, 0.000255132138599, 1703002787619218111, 0.633629385641
0.0742749172704, 0.0669569762197, 0.178966500021, 0.923756778622, -0.382979227574, 0.000510004117737, 0.000255132138599, 1703002787719737052, 0.733629385641
0.0672193083553, 0.0740375889952, 0.178966500021, 0.923756778622, -0.382979227574, 0.000510004117737, 0.000255132138599, 1703002787820275068, 0.833629385641
0.059492066331, 0.0803784426552, 0.178966500021, 0.923756778622, -0.382979227574, 0.000510004117737, 0.000255132138599, 1703002787920800924, 0.933629385641
0.0511703992453, 0.0859161814856, 0.178966500021, 0.923756778622, -0.382979227574, 0.000510004117737, 0.000255132138599, 1703002788021338939, 1.03362938564
0.0423374544451, 0.0905954742308, 0.178966500021, 0.923756778622, -0.382979227574, 0.000510004117737, 0.000255132138599, 1703002788121882915, 1.13362938564
0.0330814877949, 0.0943695669444, 0.178966500021, 0.923756778622, -0.382979227574, 0.000510004117737, 0.000255132138599, 1703002788222558021, 1.23362938564
0.023494981854, 0.0972007501395, 0.178966500021, 0.923756778622, -0.382979227574, 0.000510004117737, 0.000255132138599, 1703002788322870016, 1.33362938564
0.0136737218208, 0.0990607355695, 0.178966500021, 0.923756778622, -0.382979227574, 0.000510004117737, 0.000255132138599, 1703002788423399925, 1.43362938564
0.00371583847908, 0.0999309388748, 0.178966500021, 0.923756778622, -0.382979227574, 0.000510004117737, 0.000255132138599, 1703002788523962020, 1.53362938564
-0.00627917229241, 0.0998026652716, 0.178966500021, 0.923756778622, -0.382979227574, 0.000510004117737, 0.000255132138599, 1703002788624495029, 1.63362938564
-0.01621144365, 0.0986771964275, 0.178966500021, 0.923756778622, -0.382979227574, 0.000510004117737, 0.000255132138599, 1703002788724771976, 1.73362938564
-0.0259817356214, 0.0965657776549, 0.178966500021, 0.923756778622, -0.382979227574, 0.000510004117737, 0.000255132138599, 1703002788824826955, 1.83362938564
-0.0354924266789, 0.0934895055525, 0.178966500021, 0.923756778622, -0.382979227574, 0.000510004117737, 0.000255132138599, 1703002788925220966, 1.93362938564
-0.0446484891412, 0.0894791172141, 0.178966500021, 0.923756778622, -0.382979227574, 0.000510004117737, 0.000255132138599, 1703002789025655031, 2.03362938564
-0.0533584386589, 0.0845746831143, 0.178966500021, 0.923756778622, -0.382979227574, 0.000510004117737, 0.000255132138599, 1703002789126023054, 2.13362938564
-0.0615352482955, 0.0788252067375, 0.178966500021, 0.923756778622, -0.382979227574, 0.000510004117737, 0.000255132138599, 1703002789226805925, 2.23362938564
-0.0690972180719, 0.0722881349512, 0.178966500021, 0.923756778622, -0.382979227574, 0.000510004117737, 0.000255132138599, 1703002789328500986, 2.33362938564
-0.0759687912859, 0.0650287840157, 0.178966500021, 0.923756778622, -0.382979227574, 0.000510004117737, 0.000255132138599, 1703002789429044961, 2.43362938564
-0.0820813094493, 0.057119686966, 0.178966500021, 0.923756778622, -0.382979227574, 0.000510004117737, 0.000255132138599, 1703002789529777050, 2.53362938564
-0.0873736983011, 0.0486398688854, 0.178966500021, 0.923756778622, -0.382979227574, 0.000510004117737, 0.000255132138599, 1703002789630333900, 2.63362938564
-0.0917930780414, 0.0396740573131, 0.178966500021, 0.923756778622, -0.382979227574, 0.000510004117737, 0.000255132138599, 1703002789730864048, 2.73362938564
-0.0952952916887, 0.0303118356746, 0.178966500021, 0.923756778622, -0.382979227574, 0.000510004117737, 0.000255132138599, 1703002789831391096, 2.83362938564
-0.0978453462819, 0.0206467481938, 0.178966500021, 0.923756778622, -0.382979227574, 0.000510004117737, 0.000255132138599, 1703002789931931972, 2.93362938564
-0.0994177625184, 0.0107753652299, 0.178966500021, 0.923756778622, -0.382979227574, 0.000510004117737, 0.000255132138599, 1703002790032480001, 3.03362938564
-0.0999968293349, 0.000796318378595, 0.178966500021, 0.923756778622, -0.382979227574, 0.000510004117737, 0.000255132138599, 1703002790132807016, 3.13362938564
-0.0995767608873, -0.00919068502277, 0.178966500021, 0.923756778622, -0.382979227574, 0.000510004117737, 0.000255132138599, 1703002790233338117, 3.23362938564
-0.0981617543606, -0.0190858581374, 0.178966500021, 0.923756778622, -0.382979227574, 0.000510004117737, 0.000255132138599, 1703002790333864927, 3.33362938564
-0.0957659480323, -0.0287903316665, 0.178966500021, 0.923756778622, -0.382979227574, 0.000510004117737, 0.000255132138599, 1703002790434386968, 3.43362938564
-0.0924132800073, -0.0382071417184, 0.178966500021, 0.923756778622, -0.382979227574, 0.000510004117737, 0.000255132138599, 1703002790534782886, 3.53362938564
-0.0881372490362, -0.0472421986398, 0.178966500021, 0.923756778622, -0.382979227574, 0.000510004117737, 0.000255132138599, 1703002790635355949, 3.63362938564
-0.0829805798071, -0.0558052271287, 0.178966500021, 0.923756778622, -0.382979227574, 0.000510004117737, 0.000255132138599, 1703002790735866069, 3.73362938564
-0.0769947960542, -0.0638106682348, 0.178966500021, 0.923756778622, -0.382979227574, 0.000510004117737, 0.000255132138599, 1703002790836775064, 3.83362938564
-0.0702397057503, -0.0711785342369, 0.178966500021, 0.923756778622, -0.382979227574, 0.000510004117737, 0.000255132138599, 1703002790937184095, 3.93362938564
-0.0627828035246, -0.0778352078534, 0.178966500021, 0.923756778622, -0.382979227574, 0.000510004117737, 0.000255132138599, 1703002791037734985, 4.03362938564
-0.0546985962794, -0.083714177802, 0.178966500021, 0.923756778622, -0.382979227574, 0.000510004117737, 0.000255132138599, 1703002791138180017, 4.13362938564
-0.0460678587411, -0.0887567033582, 0.178966500021, 0.923756778622, -0.382979227574, 0.000510004117737, 0.000255132138599, 1703002791238312005, 4.23362938564
-0.0369768263863, -0.0929124012734, 0.178966500021, 0.923756778622, -0.382979227574, 0.000510004117737, 0.000255132138599, 1703002791338884115, 4.33362938564
-0.0275163338052, -0.096139749188, 0.178966500021, 0.923756778622, -0.382979227574, 0.000510004117737, 0.000255132138599, 1703002791439260005, 4.43362938564
-0.0177809071123, -0.0984065005082, 0.178966500021, 0.923756778622, -0.382979227574, 0.000510004117737, 0.000255132138599, 1703002791539793968, 4.53362938564
-0.00786781947319, -0.0996900066042, 0.178966500021, 0.923756778622, -0.382979227574, 0.000510004117737, 0.000255132138599, 1703002791640024900, 4.63362938564
0.00212388081736, -0.0999774431073, 0.178966500021, 0.923756778622, -0.382979227574, 0.000510004117737, 0.000255132138599, 1703002791740556001, 4.73362938564
0.0120943599928, -0.0992659380471, 0.178966500021, 0.923756778622, -0.382979227574, 0.000510004117737, 0.000255132138599, 1703002791841113090, 4.83362938564
0.0219439963211, -0.0975626005468, 0.178966500021, 0.923756778622, -0.382979227574, 0.000510004117737, 0.000255132138599, 1703002791941473960, 4.93362938564
0.0315743754919, -0.0948844497918, 0.178966500021, 0.923756778622, -0.382979227574, 0.000510004117737, 0.000255132138599, 1703002792041965961, 5.03362938564
0.0408892739399, -0.0912582449791, 0.178966500021, 0.923756778622, -0.382979227574, 0.000510004117737, 0.000255132138599, 1703002792142532110, 5.13362938564
0.0497956202788, -0.0867202179486, 0.178966500021, 0.923756778622, -0.382979227574, 0.000510004117737, 0.000255132138599, 1703002792243032932, 5.23362938564
0.0582044252402, -0.0813157111661, 0.178966500021, 0.923756778622, -0.382979227574, 0.000510004117737, 0.000255132138599, 1703002792343570947, 5.33362938564
0.0660316708244, -0.0750987246772, 0.178966500021, 0.923756778622, -0.382979227574, 0.000510004117737, 0.000255132138599, 1703002792444092988, 5.43362938564
0.0731991497809, -0.0681313765556, 0.178966500021, 0.923756778622, -0.382979227574, 0.000510004117737, 0.000255132138599, 1703002792544440031, 5.53362938564
0.0796352470292, -0.0604832822406, 0.178966500021, 0.923756778622, -0.382979227574, 0.000510004117737, 0.000255132138599, 1703002792644777059, 5.63362938564
0.0852756552131, -0.0522308589627, 0.178966500021, 0.923756778622, -0.382979227574, 0.000510004117737, 0.000255132138599, 1703002792745299100, 5.73362938564
0.0900640172385, -0.0434565622072, 0.178966500021, 0.923756778622, -0.382979227574, 0.000510004117737, 0.000255132138599, 1703002792845823049, 5.83362938564
0.0939524893748, -0.034248061847, 0.178966500021, 0.923756778622, -0.382979227574, 0.000510004117737, 0.000255132138599, 1703002792946146965, 5.93362938564
0.0969022192939, -0.0246973661737, 0.178966500021, 0.923756778622, -0.382979227574, 0.000510004117737, 0.000255132138599, 1703002793046694993, 6.03362938564
0.0988837342694, -0.0148999025814, 0.178966500021, 0.923756778622, -0.382979227574, 0.000510004117737, 0.000255132138599, 1703002793147228956, 6.13362938564
0.0998772356587, -0.00495356408784, 0.178966500021, 0.923756778622, -0.382979227574, 0.000510004117737, 0.000255132138599, 1703002793247752904, 6.23362938564
0.0998727967244, 0.00504226878068, 0.178966500021, 0.923756778622, -0.382979227574, 0.000510004117737, 0.000255132138599, 1703002793348000049, 0.0504440784612
0.0988704618187, 0.0149877209663, 0.178966500021, 0.923756778622, -0.382979227574, 0.000510004117737, 0.000255132138599, 1703002793448529958, 0.150444078461
0.0968802459407, 0.0247834207983, 0.178966500021, 0.923756778622, -0.382979227574, 0.000510004117737, 0.000255132138599, 1703002793548825979, 0.250444078461
0.0939220346697, 0.034331492882, 0.178966500021, 0.923756778622, -0.382979227574, 0.000510004117737, 0.000255132138599, 1703002793649334907, 0.350444078461
0.0900253854747, 0.0435365360373, 0.178966500021, 0.923756778622, -0.382979227574, 0.000510004117737, 0.000255132138599, 1703002793749861001, 0.450444078461
0.0852292323865, 0.0523065765158, 0.178966500021, 0.923756778622, -0.382979227574, 0.000510004117737, 0.000255132138599, 1703002793852461099, 0.550444078461
0.0795814969814, 0.060553986972, 0.178966500021, 0.923756778622, -0.382979227574, 0.000510004117737, 0.000255132138599, 1703002793952975988, 0.650444078461
0.0731386095646, 0.0681963620068, 0.178966500021, 0.923756778622, -0.382979227574, 0.000510004117737, 0.000255132138599, 1703002794053553104, 0.750444078461
0.0659649453373, 0.0751573415352, 0.178966500021, 0.923756778622, -0.382979227574, 0.000510004117737, 0.000255132138599, 1703002794154074907, 0.850444078461
0.0581321811814, 0.0813673737507, 0.178966500021, 0.923756778622, -0.382979227574, 0.000510004117737, 0.000255132138599, 1703002794254823923, 0.950444078461
0.0497185794871, 0.0867644100642, 0.178966500021, 0.923756778622, -0.382979227574, 0.000510004117737, 0.000255132138599, 1703002794355340957, 1.05044407846
0.0408082061813, 0.0912945250728, 0.178966500021, 0.923756778622, -0.382979227574, 0.000510004117737, 0.000255132138599, 1703002794455863952, 1.15044407846
